181.699
182.241
181.827
182.234
180.696
181.234
182.172
180.621
178.894
179.038
179.567
179.343
179.926
179.277
179.834
179.834
178.599
179.768
178.13
179.0
178.948
178.205
175.982
176.96
178.04
177.452
176.957
176.351
176.297
176.679
175.605
177.957
177.643
178.202
178.058
177.619
178.022
178.154
177.936
178.205
176.555
199.48
202.024
202.237
202.389
202.125
202.226
184.931
178.964
178.239
178.095
178.004
178.08
177.413
177.63
179.921
181.199
179.831
179.693
179.782
201.853
202.473
202.516
202.311
202.286
203.322
202.378
201.974
201.974
204.263
187.321
179.15
178.258
180.166
180.12
179.324
179.712
178.34
178.751
179.826
179.177
179.234
178.92
179.498
176.404
174.545
176.046
173.928
172.26
172.871
173.74
173.239
174.337
172.956
173.568
173.264
173.081
171.97
172.387
171.5
