78.37153601646423
49.27121019363403
72.01518821716309
55.689297676086426
81.34007549285889
62.048300981521606
58.07145023345947
54.79313635826111
65.15095710754395
64.7165093421936
75.61302924156189
83.24518156051636
90.13958764076233
76.89822101593018
51.570334911346436
76.87243556976318
88.04586338996887
78.77852535247803
126.15993595123291
63.28403663635254
54.26688814163208
74.76599335670471
116.5471830368042
71.96703958511353
90.24801754951477
101.4746162891388
73.67504715919495
71.61512446403503
66.3109028339386
64.6640727519989
67.31763982772827
65.44212985038757
79.71989583969116
74.12561678886414
59.14369010925293
57.450491428375244
62.389490365982056
60.97465467453003
62.453983306884766
64.30334115028381
53.22486639022827
91.46554350852966
67.82454681396484
76.70788311958313
74.70475554466248
58.33313798904419
76.5059072971344
78.60579371452332
71.38042211532593
83.07628870010376
59.39538359642029
70.7854654788971
64.01733899116516
72.27102279663086
69.78754949569702
60.862953424453735
63.235666275024414
78.41680312156677
56.619499921798706
81.46807479858398
42.47516751289368
70.83124613761902
81.11348676681519
48.2441246509552
71.13740134239197
71.04507184028625
53.888532400131226
82.0044264793396
84.71433138847351
48.40285015106201
69.52257418632507
72.91867065429688
56.1307213306427
72.6820228099823
50.18904757499695
76.27348566055298
70.41398978233337
67.49296045303345
55.65127778053284
61.907241106033325
43.51370811462402
75.56759524345398
50.66981220245361
85.6977391242981
103.46638989448547
72.71138858795166
60.684276819229126
79.18316793441772
85.6329517364502
66.79585146903992
87.45630931854248
63.22805881500244
53.883843183517456
67.57469916343689
66.7133903503418
67.27453804016113
60.82664132118225
60.955559730529785
45.85523557662964
57.667168617248535
